
На opencorpa:

accuracy: 0.8704526641397639
recall: 0.8704526641397639
Fm: 0.8704526641397639

На нашем корпусе:
accuracy: 0.7774725274725275
recall: 0.7774725274725275
Fm: 0.7774725274725275